902531001
5253339367
5952129699
5750776461
1803736404
1324397027
1733992251
2079583291
1874038312
5578437222
6314125135
1853873027
6183262517
5840046927
1803301884
1284981997
6422070861
5751402174
5189761850
5774528740
1928369453
5783981059
5137952140
1991692059
5393392413
1603925377
5996492114
5547409585
6242550042
1720890062
1422458911
2053629968
1371269541
6296875182
6124231728
5984352243
6370235599
1582134660
5046139106
906858988
1933590810
2062646559
5981112429
5955763837
2111226445
6244586959
1172226393
1463111158
5991559645
5269262869
6558543938
1508232192
5749718980
6412682965
5907686077
1062707835
5672300586
1544103358
5915380319
6056936979
1197569393
1649553608
5560549444
1518763468
6408645913
1867308238
1866806051
5293535188
1197836462
1777528717
1858876971
5902553115
1141104324
6066660197
6043547909
1277258553
5444389349
6017951144
5993431714
6562286190
1087244082
5681950654
6166052552
5857762632
6395956925
5450626059
5763614349
5808694197
5636718533
1932008363
1837022982
5072182619
5681430162
5088339827
6057910360
6614097536
751864134
5655415642
5376827231
5800230246
1995889376
6344650282
1688291539
1975050164
5879111213
6495388466
1777504252
1945462510
5504952668
1425638134
5824929536
5052580715
1638510872
6325754755
1707342345
6296567734
1081910807
5431154587
6202488375
2027074342
1545463471
1781395503
1911965322
5015287199
1873080696
6029307578
1691981630
5128114935
1534882781
1816152521
1695819036
1499067439
5565159491
1895318048
5823949566
6204239112
5973522376
6229585123
6637994911
961645035
5771733113
1206846758
1114208612
5231880514
1896173802
5989394791
6306340263
6255156549
1908337500
6005937767
1849631851
5227818256
6368195452
5934197280
1867392529
5490793625
1609142230
5682854939
6525202895
1458220999
6333040131
5610955723
6671565431
1953749460
6071815976
6163636808
779552279
5056461944
5445198797
6118468960
6524700162
5648313896
6538841692
6393824557
2063558550
1233197763
5187782479
6009563467
5027132764
6163455311
6403106463
5469955231
1823097748
1462068569
5746882292
5825889738
5176786027
1507906913
1213403322
6304112855
6004220097
5407271620
5676123933
2127300157
1156106679
5677047289
5075813622
1924697865
5857732247
5463018625
1778482643
6277260570
5985836720
2080855261
1875934564
6231124248
6487113680
1868873375
5410349837
6373410793
6428576933
1613629271
2135512610
5095376441
5585734636
6301331903
1982780289
5719781185
1848963462
6608288843
5748930006
1754940722
5257224826
6046643624
6695715876
6500408557
6106897323
1978710441
5086445485
5672820053
1612840457
2016591683
6238646287
5394729280
5059445623
1112707695
1334848908
5440891792
1719509221
5424069380
1827064117
5868341325
1108884890
953718133
1644126039
900462750
6353542693
1693378707
6037780756
5780396912
5678908078
5923759528
5869332822
5373417489
5707364024
1725070350
6518834703
1233710063
5873420856
5294178078
1884607431
1648915203
5638176554
1581223479
6365903057
5749371545
2001091647
6330832492
1171004213
6271839201
5242656302
2066910356
5224195902
5963447029
6119690408
5938163880
6638324415
1592654846
6003544936
5970822556
6201538757
6328114597
1783134745
6670601193
5338091922
6182258822
1730300527
5744099427
5406906567
796528002
2068060431
1530352894
1426198900
5878992220
5736467269
5097673851
6681231360
5458589839
1117868174
5979330951
5091333773
1455971270
2038778213
6114799945
5833926777
5950433873
5697454088
491710789
1998642533
1435233469
5691052591
6075351928
5192829370
1143430751
6062352313
5767759568
5962651541
1855850404
6261908171
6282969192
1649077792
6291884754
6250386927
6092148213
6211956437
1991494312
5443369869
5224126201
1679932593
6385148701
5269447406
6017117598
2102091345
5701971846
1605617106
6417066361
1638507906
1384858631
5105286206
6220868834
5115205102
1319737191
6421904318
945662469
1764363760
6567766171
